38	9	18	6	31	23
42	45	40	28	52	54
40	22	5	21	6	20
3	8	24	42	44	28
32	27	8	33	4	48
33	2	48	23	39	12
13	5	15	34	48	38
30	14	47	33	34	29
26	13	12	39	43	31
32	46	37	1	14	8
18	8	45	34	13	1
43	5	31	33	53	8
6	33	40	14	28	27
52	3	26	34	1	36
43	24	22	7	9	5
29	12	20	54	9	18
18	32	49	16	53	14
9	53	34	49	15	48
30	27	40	29	4	53
22	16	46	38	17	25
37	15	46	48	11	6
37	38	44	20	26	19
39	28	4	30	46	22
31	26	3	1	45	29
54	4	12	39	26	13
15	25	22	28	41	19
6	29	12	24	42	17
46	30	54	20	34	19
14	35	24	2	50	21
54	47	6	12	44	22
18	28	12	50	15	21
47	34	36	14	43	46
4	41	7	49	22	21
23	12	36	11	49	45
46	10	34	7	23	47
45	26	38	19	39	36
20	48	28	9	10	21
36	6	49	17	51	19
38	46	40	29	30	10
32	40	45	11	27	14
14	19	42	54	20	43
38	30	42	43	47	48
41	7	49	9	13	42
42	19	15	49	48	50
15	37	27	46	9	40
12	37	20	29	48	33
26	7	20	31	6	14
15	47	30	41	31	12
6	10	14	46	8	44
10	28	52	11	47	44
36	44	23	28	46	6
52	39	25	41	47	40
53	28	8	31	4	21
28	11	40	26	48	49
37	23	6	34	21	12
18	46	34	24	22	25
42	33	23	50	7	27
51	36	10	15	17	50
2	33	13	20	45	42
39	37	17	50	25	3
5	24	38	29	2	53
32	37	20	51	15	18
